0
37
0
38
0
39
0
52
0
51
0
57
1
53
1
43
1
44
1
57
1
52
1
42
2
49
2
56
2
50
2
48
2
46
2
53
3
37
3
51
4
38
4
37
5
38
5
39
6
39
6
38
7
40
7
39
8
40
8
41
9
41
9
42
10
42
10
43
11
43
11
42
12
43
12
44
13
44
13
45
14
45
14
46
15
46
15
47
16
47
16
46
17
47
17
48
18
48
18
49
19
49
19
48
20
50
20
49
21
51
21
50
22
52
22
40
23
55
23
53
24
43
24
44
25
51
25
54
26
50
26
56
27
61
27
42
28
47
28
46
29
53
29
57
30
37
30
38
31
39
31
40
32
55
32
48
33
45
33
44
34
46
34
45
35
56
35
50
36
54
36
52
3
4
3
21
4
5
5
6
6
7
7
8
8
9
9
10
10
11
11
12
12
13
13
14
14
15
15
16
16
17
17
18
18
19
19
20
20
21
3
25
3
30
4
30
5
30
5
31
6
31
7
31
8
22
8
31
9
22
9
27
10
27
11
24
11
27
12
24
13
24
13
33
14
33
14
34
15
28
15
34
16
28
17
28
17
32
18
32
19
26
19
32
20
26
21
25
21
26
22
27
22
29
22
31
22
36
23
26
23
29
23
32
23
33
23
34
23
35
24
27
24
29
24
33
25
26
25
29
25
30
25
35
25
36
26
32
26
35
27
29
28
32
28
34
29
33
29
35
29
36
30
31
30
36
31
36
32
34
33
34
37
38
37
51
38
39
39
40
40
41
41
42
42
43
43
44
44
45
45
46
46
47
47
48
48
49
49
50
50
51
37
54
38
54
39
52
39
54
40
52
41
52
41
61
42
61
43
61
44
53
44
61
45
53
45
55
46
55
47
55
48
55
49
55
50
55
50
56
51
54
51
56
51
57
52
54
52
57
52
61
53
55
53
56
53
57
53
61
54
57
55
56
56
57
57
61
58
0
59
1
60
2